$ 1 0.000005 10.20027730826997 50 5 50 5e-11
w -2592 960 -2592 976 0
w -2624 928 -2624 944 0
w -2624 1024 -2624 1056 0
S -2416 752 -2544 752 0 0 false 0 2
S -2416 848 -2544 848 0 1 false 0 2
S -2416 944 -2544 944 0 1 false 0 2
S -2416 1040 -2544 1040 0 1 false 0 2
w -2592 224 -2592 304 0
w -2592 1056 -2544 1056 0
w -2592 960 -2544 960 0
w -2592 864 -2544 864 0
w -2592 768 -2544 768 0
w -2624 272 -2624 368 0
w -2624 736 -2544 736 0
w -2624 832 -2544 832 0
w -2544 928 -2624 928 0
w -2544 1024 -2624 1024 0
w -2624 1056 -2624 1136 0
w -2624 944 -2624 1024 0
w -2624 832 -2624 928 0
w -2592 768 -2592 864 0
w -2592 864 -2592 960 0
w -2592 976 -2592 1056 0
207 -2416 752 -2384 752 4 I3
207 -2416 848 -2384 848 4 I2
207 -2416 944 -2384 944 4 I1
207 -2416 1040 -2384 1040 4 I0
g -2624 1136 -2624 1168 0 0
R -2592 224 -2592 192 0 0 40 5 0 0 0.5
207 -2416 576 -2384 576 4 A0
207 -2416 480 -2384 480 4 A1
207 -2416 384 -2384 384 4 A2
207 -2416 288 -2384 288 4 A3
S -2416 576 -2544 576 0 1 false 0 2
S -2416 480 -2544 480 0 1 false 0 2
S -2416 384 -2544 384 0 1 false 0 2
S -2416 288 -2544 288 0 0 false 0 2
w -2544 560 -2624 560 0
w -2544 464 -2624 464 0
w -2544 368 -2624 368 0
w -2544 272 -2624 272 0
w -2544 304 -2592 304 0
w -2544 400 -2592 400 0
w -2544 496 -2592 496 0
w -2544 592 -2592 592 0
w -2592 688 -2592 768 0
w -2592 496 -2592 592 0
w -2592 400 -2592 496 0
w -2592 304 -2592 400 0
w -2624 368 -2624 464 0
w -2624 464 -2624 560 0
w -2624 640 -2624 736 0
w -2624 736 -2624 832 0
162 -1312 688 -1264 688 2 default-led 1 0 0 0.01
g -1264 688 -1232 688 0 0
r -1312 688 -1360 688 0 1000
w -1360 688 -1392 688 0
x -2600 104 -2392 107 4 24 Button\sInputs:\sI[3:0]
x -2599 46 -2395 49 4 24 Answer\sKey:\sA[3:0]
154 -2128 464 -1872 464 0 2 0 5
154 -2128 608 -1872 608 0 2 0 5
154 -2128 768 -1872 768 0 2 0 5
154 -2128 928 -1872 928 0 2 0 5
I -1872 464 -1728 464 0 0.5 5
I -1872 608 -1728 608 0 0.5 5
I -1872 768 -1728 768 0 0.5 5
I -1872 928 -1728 928 0 0.5 5
150 -1600 688 -1392 688 0 4 5 5
w -1600 672 -1728 672 0
w -1728 672 -1728 608 0
w -1728 768 -1728 704 0
w -1728 704 -1600 704 0
w -1600 656 -1712 656 0
w -1712 656 -1712 464 0
w -1712 464 -1728 464 0
w -1600 720 -1712 720 0
w -1712 720 -1712 928 0
w -1712 928 -1728 928 0
207 -2128 448 -2208 448 4 A3
207 -2128 480 -2208 480 4 I3
207 -2128 592 -2208 592 4 A2
207 -2128 624 -2208 624 4 I2
207 -2128 752 -2208 752 4 A1
207 -2128 784 -2208 784 4 I1
207 -2128 912 -2208 912 4 A0
207 -2128 944 -2208 944 4 I0
x -1363 646 -1237 649 4 24 Pin_Correct
x -2600 -12 -2528 -9 4 24 Inputs:
x -2232 -27 -2148 -24 4 24 Outputs
w -2624 560 -2624 640 0
w -2592 592 -2592 688 0
x -2245 34 -2119 37 4 24 Pin_Correct
152 -1600 320 -1408 320 0 4 5 5
x -1444 252 -1175 255 4 24 Interrupt\s(Button\sPushed)
r -1312 320 -1408 320 0 1000
g -1264 320 -1232 320 0 0
162 -1312 320 -1264 320 2 default-led 1 0 0 0.01
207 -1600 288 -1680 288 4 I3
207 -1600 304 -1680 304 4 I2
207 -1600 336 -1680 336 4 I1
207 -1600 352 -1680 352 4 I0
x -2251 77 -1982 80 4 24 Interrupt\s(Button\sPushed)
